=== Run information ===

Scheme:       weka.classifiers.bayes.NaiveBayes 
Relation:     bridges-version1-weka.filters.unsupervised.attribute.ReplaceMissingValues-weka.filters.unsupervised.attribute.Discretize-F-B10-M-1.0-Rfirst-last-precision6
Instances:    107
Attributes:   13
              IDENTIF
              RIVER
              LOCATION
              ERECTED
              PURPOSE
              LENGTH
              LANES
              CLEAR-G
              T-OR-D
              MATERIAL
              SPAN
              REL-L
              TYPE
Test mode:    107-fold cross-validation

=== Classifier model (full training set) ===

Naive Bayes Classifier

                                   Class
Attribute                           WOOD   SUSPEN SIMPLE-T     ARCH CANTILEV   CONT-T
                                  (0.15)   (0.11)   (0.41)   (0.13)   (0.11)    (0.1)
======================================================================================
IDENTIF
  E1                                  2.0      1.0      1.0      1.0      1.0      1.0
  E10                                 2.0      1.0      1.0      1.0      1.0      1.0
  E100                                1.0      1.0      1.0      1.0      1.0      1.0
  E101                                1.0      1.0      1.0      1.0      2.0      1.0
  E102                                1.0      1.0      1.0      1.0      1.0      2.0
  E103                                1.0      1.0      1.0      1.0      2.0      1.0
  E105                                1.0      1.0      1.0      1.0      1.0      2.0
  E107                                1.0      1.0      1.0      1.0      1.0      1.0
  E107N                               1.0      1.0      2.0      1.0      1.0      1.0
  E108                                1.0      1.0      1.0      1.0      1.0      2.0
  E109                                1.0      1.0      1.0      1.0      1.0      1.0
  E11                                 2.0      1.0      1.0      1.0      1.0      1.0
  E12                                 2.0      1.0      1.0      1.0      1.0      1.0
  E13                                 2.0      1.0      1.0      1.0      1.0      1.0
  E14                                 2.0      1.0      1.0      1.0      1.0      1.0
  E15                                 2.0      1.0      1.0      1.0      1.0      1.0
  E16                                 1.0      2.0      1.0      1.0      1.0      1.0
  E17                                 1.0      1.0      2.0      1.0      1.0      1.0
  E18                                 1.0      1.0      2.0      1.0      1.0      1.0
  E19                                 2.0      1.0      1.0      1.0      1.0      1.0
  E2                                  2.0      1.0      1.0      1.0      1.0      1.0
  E20                                 2.0      1.0      1.0      1.0      1.0      1.0
  E21                                 1.0      1.0      2.0      1.0      1.0      1.0
  E22                                 2.0      1.0      1.0      1.0      1.0      1.0
  E23                                 1.0      2.0      1.0      1.0      1.0      1.0
  E24                                 1.0      1.0      2.0      1.0      1.0      1.0
  E25                                 1.0      1.0      2.0      1.0      1.0      1.0
  E26                                 1.0      1.0      2.0      1.0      1.0      1.0
  E27                                 1.0      1.0      2.0      1.0      1.0      1.0
  E28                                 1.0      1.0      1.0      2.0      1.0      1.0
  E29                                 1.0      2.0      1.0      1.0      1.0      1.0
  E3                                  2.0      1.0      1.0      1.0      1.0      1.0
  E30                                 1.0      1.0      2.0      1.0      1.0      1.0
  E31                                 1.0      1.0      2.0      1.0      1.0      1.0
  E32                                 1.0      1.0      2.0      1.0      1.0      1.0
  E33                                 1.0      1.0      2.0      1.0      1.0      1.0
  E34                                 1.0      1.0      2.0      1.0      1.0      1.0
  E35                                 1.0      1.0      2.0      1.0      1.0      1.0
  E36                                 1.0      1.0      2.0      1.0      1.0      1.0
  E37                                 1.0      1.0      2.0      1.0      1.0      1.0
  E38                                 1.0      1.0      2.0      1.0      1.0      1.0
  E39                                 1.0      1.0      2.0      1.0      1.0      1.0
  E4                                  2.0      1.0      1.0      1.0      1.0      1.0
  E40                                 1.0      1.0      2.0      1.0      1.0      1.0
  E41                                 1.0      1.0      2.0      1.0      1.0      1.0
  E42                                 1.0      1.0      2.0      1.0      1.0      1.0
  E43                                 1.0      1.0      1.0      2.0      1.0      1.0
  E44                                 1.0      2.0      1.0      1.0      1.0      1.0
  E45                                 1.0      1.0      2.0      1.0      1.0      1.0
  E46                                 1.0      1.0      2.0      1.0      1.0      1.0
  E47                                 1.0      1.0      2.0      1.0      1.0      1.0
  E48                                 1.0      1.0      2.0      1.0      1.0      1.0
  E49                                 1.0      1.0      1.0      1.0      2.0      1.0
  E5                                  2.0      1.0      1.0      1.0      1.0      1.0
  E50                                 1.0      1.0      2.0      1.0      1.0      1.0
  E51                                 1.0      1.0      2.0      1.0      1.0      1.0
  E52                                 1.0      1.0      1.0      1.0      2.0      1.0
  E53                                 1.0      1.0      2.0      1.0      1.0      1.0
  E54                                 1.0      1.0      2.0      1.0      1.0      1.0
  E55                                 1.0      1.0      2.0      1.0      1.0      1.0
  E56                                 1.0      1.0      2.0      1.0      1.0      1.0
  E57                                 1.0      1.0      1.0      1.0      2.0      1.0
  E58                                 1.0      1.0      2.0      1.0      1.0      1.0
  E59                                 1.0      1.0      1.0      1.0      2.0      1.0
  E6                                  2.0      1.0      1.0      1.0      1.0      1.0
  E60                                 1.0      1.0      2.0      1.0      1.0      1.0
  E61                                 1.0      1.0      2.0      1.0      1.0      1.0
  E62                                 1.0      1.0      1.0      1.0      1.0      2.0
  E63                                 1.0      1.0      2.0      1.0      1.0      1.0
  E64                                 1.0      1.0      1.0      2.0      1.0      1.0
  E65                                 1.0      2.0      1.0      1.0      1.0      1.0
  E66                                 1.0      1.0      1.0      2.0      1.0      1.0
  E67                                 1.0      1.0      1.0      1.0      2.0      1.0
  E68                                 1.0      1.0      2.0      1.0      1.0      1.0
  E69                                 1.0      2.0      1.0      1.0      1.0      1.0
  E7                                  2.0      1.0      1.0      1.0      1.0      1.0
  E70                                 1.0      2.0      1.0      1.0      1.0      1.0
  E71                                 1.0      2.0      1.0      1.0      1.0      1.0
  E72                                 1.0      1.0      1.0      1.0      2.0      1.0
  E73                                 1.0      1.0      1.0      2.0      1.0      1.0
  E74                                 1.0      1.0      1.0      1.0      2.0      1.0
  E75                                 1.0      1.0      1.0      2.0      1.0      1.0
  E76                                 1.0      2.0      1.0      1.0      1.0      1.0
  E77                                 1.0      1.0      1.0      2.0      1.0      1.0
  E78                                 1.0      1.0      1.0      2.0      1.0      1.0
  E79                                 1.0      1.0      1.0      1.0      2.0      1.0
  E8                                  1.0      2.0      1.0      1.0      1.0      1.0
  E80                                 1.0      1.0      1.0      1.0      2.0      1.0
  E81                                 1.0      1.0      1.0      1.0      1.0      2.0
  E82                                 1.0      1.0      2.0      1.0      1.0      1.0
  E83                                 1.0      1.0      1.0      2.0      1.0      1.0
  E84                                 1.0      1.0      1.0      2.0      1.0      1.0
  E85                                 1.0      1.0      1.0      1.0      1.0      2.0
  E86                                 1.0      1.0      1.0      1.0      1.0      2.0
  E87                                 1.0      1.0      2.0      1.0      1.0      1.0
  E88                                 1.0      1.0      1.0      1.0      1.0      2.0
  E89                                 1.0      1.0      2.0      1.0      1.0      1.0
  E9                                  1.0      2.0      1.0      1.0      1.0      1.0
  E90                                 1.0      1.0      1.0      2.0      1.0      1.0
  E91                                 1.0      1.0      1.0      2.0      1.0      1.0
  E92                                 1.0      1.0      2.0      1.0      1.0      1.0
  E93                                 1.0      1.0      1.0      1.0      1.0      2.0
  E94                                 1.0      1.0      2.0      1.0      1.0      1.0
  E95                                 1.0      1.0      2.0      1.0      1.0      1.0
  E96                                 1.0      1.0      2.0      1.0      1.0      1.0
  E97                                 1.0      1.0      1.0      2.0      1.0      1.0
  E98                                 1.0      1.0      1.0      1.0      1.0      2.0
  E99                                 1.0      1.0      2.0      1.0      1.0      1.0
  [total]                           124.0    119.0    152.0    121.0    119.0    118.0

RIVER
  A                                  14.0      8.0     16.0      6.0      3.0      6.0
  M                                   4.0      4.0     23.0      5.0      6.0      5.0
  O                                   1.0      2.0      6.0      4.0      5.0      2.0
  Y                                   1.0      1.0      3.0      2.0      1.0      1.0
  [total]                            20.0     15.0     48.0     17.0     15.0     14.0

LOCATION
  1                                   1.0      2.0      1.0      2.0      2.0      1.0
  10                                  1.0      1.0      3.0      1.0      1.0      1.0
  11                                  1.0      1.0      2.0      1.0      1.0      2.0
  12                                  1.0      1.0      2.0      1.0      1.0      1.0
  13                                  1.0      1.0      2.0      1.0      1.0      1.0
  14                                  1.0      1.0      2.0      1.0      1.0      2.0
  15                                  1.0      1.0      2.0      1.0      1.0      1.0
  16                                  1.0      1.0      3.0      1.0      1.0      1.0
  17                                  1.0      1.0      3.0      1.0      1.0      1.0
  18                                  1.0      1.0      2.0      1.0      1.0      1.0
  19                                  1.0      1.0      2.0      1.0      2.0      1.0
  2                                   1.0      1.0      1.0      1.0      2.0      1.0
  20                                  1.0      1.0      1.0      1.0      2.0      1.0
  21                                  1.0      1.0      2.0      1.0      1.0      1.0
  22                                  1.0      1.0      2.0      1.0      1.0      2.0
  23                                  2.0      1.0      3.0      1.0      1.0      1.0
  24                                  2.0      1.0      2.0      2.0      1.0      1.0
  25                                  2.0      3.0      2.0      1.0      1.0      1.0
  26                                  1.0      3.0      1.0      1.0      1.0      1.0
  27                                  3.0      2.0      2.0      1.0      1.0      1.0
  28                                  2.0      2.0      4.0      1.0      1.0      1.0
  29                                  4.0      1.0      1.0      2.0      1.0      1.0
  3                                   2.0      2.0      1.0      2.0      1.0      1.0
  30                                  1.0      2.0      2.0      2.0      1.0      1.0
  31                                  1.0      1.0      3.0      1.0      1.0      1.0
  32                                  2.0      1.0      1.0      2.0      1.0      1.0
  33                                  2.0      1.0      2.0      1.0      1.0      2.0
  34                                  1.0      1.0      1.0      1.0      3.0      1.0
  35                                  1.0      1.0      2.0      1.0      1.0      1.0
  36                                  1.0      1.0      2.0      1.0      1.0      1.0
  37                                  1.0      1.0      2.0      1.0      1.0      3.0
  38                                  1.0      1.0      2.0      2.0      1.0      1.0
  38.5                                1.0      1.0      1.0      1.0      1.0      2.0
  39                                  4.0      1.0      2.0      1.0      1.0      1.0
  39.5                                1.0      1.0      1.0      1.0      1.0      2.0
  39.7                                1.0      1.0      2.0      1.0      1.0      1.0
  4                                   1.0      1.0      3.0      1.0      1.0      1.0
  40                                  1.0      1.0      1.0      2.0      1.0      1.0
  41                                  1.0      1.0      3.0      1.0      1.0      1.0
  42                                  1.0      1.0      2.0      2.0      1.0      1.0
  43                                  1.0      1.0      1.0      1.0      2.0      1.0
  44                                  1.0      1.0      1.0      2.0      1.0      1.0
  45                                  1.0      1.0      3.0      1.0      1.0      1.0
  46                                  1.0      1.0      1.0      1.0      2.0      1.0
  47                                  1.0      1.0      1.0      1.0      1.0      2.0
  48                                  1.0      2.0      1.0      1.0      2.0      1.0
  49                                  1.0      1.0      1.0      1.0      2.0      1.0
  5                                   1.0      1.0      1.0      1.0      2.0      1.0
  51                                  1.0      1.0      2.0      1.0      1.0      1.0
  52                                  1.0      1.0      1.0      2.0      1.0      1.0
  6                                   2.0      2.0      2.0      1.0      1.0      1.0
  7                                   1.0      1.0      1.0      3.0      1.0      1.0
  8                                   1.0      1.0      2.0      1.0      1.0      1.0
  9                                   1.0      1.0      2.0      1.0      1.0      2.0
  [total]                            70.0     65.0     98.0     67.0     65.0     64.0

ERECTED
  '(-inf-1854.5]'                    10.0      3.0      1.0      1.0      1.0      1.0
  '(1854.5-1877]'                     7.0      3.0      4.0      1.0      1.0      1.0
  '(1877-1889.5]'                     1.0      2.0     10.0      2.0      1.0      1.0
  '(1889.5-1896.5]'                   2.0      2.0      9.0      2.0      1.0      1.0
  '(1896.5-1903.5]'                   1.0      1.0     11.0      1.0      2.0      1.0
  '(1903.5-1916.5]'                   1.0      1.0      9.0      1.0      4.0      1.0
  '(1916.5-1927.5]'                   1.0      4.0      2.0      4.0      4.0      2.0
  '(1927.5-1942]'                     1.0      3.0      2.0      4.0      3.0      2.0
  '(1942-1953]'                       1.0      1.0      4.0      2.0      3.0      5.0
  '(1953-inf)'                        1.0      1.0      2.0      5.0      1.0      5.0
  [total]                            26.0     21.0     54.0     23.0     21.0     20.0

PURPOSE
  WALK                                1.0      2.0      1.0      1.0      1.0      1.0
  AQUEDUCT                            4.0      2.0      1.0      1.0      1.0      1.0
  RR                                  3.0      1.0     27.0      1.0      3.0      2.0
  HIGHWAY                            12.0     10.0     19.0     14.0     10.0     10.0
  [total]                            20.0     15.0     48.0     17.0     15.0     14.0

LENGTH
  '(-inf-985]'                        1.0      4.0      4.0      4.0      1.0      3.0
  '(985-1015]'                        6.0      2.0      4.0      3.0      1.0      1.0
  '(1015-1180.5]'                     3.0      3.0      5.0      2.0      2.0      2.0
  '(1180.5-1357.5]'                   3.0      2.0      8.0      1.0      2.0      1.0
  '(1357.5-1537.734568]'              1.0      3.0      2.0      4.0      2.0      1.0
  '(1537.734568-1593.734568]'         8.0      3.0     15.0      2.0      1.0      1.0
  '(1593.734568-1825]'                1.0      1.0      2.0      1.0      5.0      4.0
  '(1825-2216.5]'                     1.0      1.0      5.0      1.0      3.0      2.0
  '(2216.5-2543]'                     1.0      1.0      4.0      2.0      2.0      4.0
  '(2543-inf)'                        1.0      1.0      5.0      3.0      2.0      1.0
  [total]                            26.0     21.0     54.0     23.0     21.0     20.0

LANES
  '(-inf-1.5]'                        4.0      2.0      1.0      1.0      1.0      1.0
  '(1.5-2.315217]'                   13.0      5.0     35.0      3.0      7.0      4.0
  '(2.315217-3.315217]'               1.0      3.0      9.0      3.0      2.0      1.0
  '(3.315217-5]'                      2.0      5.0      3.0      6.0      5.0      8.0
  '(5-inf)'                           1.0      1.0      1.0      5.0      1.0      1.0
  [total]                            21.0     16.0     49.0     18.0     16.0     15.0

CLEAR-G
  N                                  16.0      4.0      3.0      2.0      2.0      5.0
  G                                   2.0      9.0     43.0     13.0     11.0      7.0
  [total]                            18.0     13.0     46.0     15.0     13.0     12.0

T-OR-D
  THROUGH                            15.0     12.0     44.0     13.0      9.0      3.0
  DECK                                3.0      1.0      2.0      2.0      4.0      9.0
  [total]                            18.0     13.0     46.0     15.0     13.0     12.0

MATERIAL
  WOOD                               17.0      1.0      1.0      1.0      1.0      1.0
  IRON                                1.0      4.0      9.0      1.0      1.0      1.0
  STEEL                               1.0      9.0     37.0     14.0     12.0     11.0
  [total]                            19.0     14.0     47.0     16.0     14.0     13.0

SPAN
  SHORT                               6.0      3.0      3.0      1.0      1.0      1.0
  MEDIUM                             12.0      7.0     35.0      8.0      5.0      5.0
  LONG                                1.0      4.0      9.0      7.0      8.0      7.0
  [total]                            19.0     14.0     47.0     16.0     14.0     13.0

REL-L
  S                                  17.0      3.0      9.0      5.0      1.0      1.0
  S-F                                 1.0      5.0      5.0      1.0      4.0      5.0
  F                                   1.0      6.0     33.0     10.0      9.0      7.0
  [total]                            19.0     14.0     47.0     16.0     14.0     13.0



Time taken to build model: 0 seconds

=== Stratified cross-validation ===
=== Summary ===

Correctly Classified Instances          73               69.5238 %
Incorrectly Classified Instances        32               30.4762 %
Kappa statistic                          0.5922
Mean absolute error                      0.1278
Root mean squared error                  0.2808
Relative absolute error                 50.0526 %
Root relative squared error             78.4417 %
Total Number of Instances              105     
Ignored Class Unknown Instances                  2     

=== Detailed Accuracy By Class ===

                 TP Rate  FP Rate  Precision  Recall   F-Measure  MCC      ROC Area  PRC Area  Class
                 1.000    0.045    0.800      1.000    0.889      0.874    0.990     0.929     WOOD
                 0.273    0.032    0.500      0.273    0.353      0.318    0.661     0.341     SUSPEN
                 0.864    0.131    0.826      0.864    0.844      0.728    0.917     0.893     SIMPLE-T
                 0.308    0.087    0.333      0.308    0.320      0.229    0.855     0.455     ARCH
                 0.364    0.053    0.444      0.364    0.400      0.340    0.770     0.389     CANTILEV
                 0.800    0.042    0.667      0.800    0.727      0.699    0.932     0.593     CONT-T
Weighted Avg.    0.695    0.085    0.672      0.695    0.677      0.602    0.880     0.705     

=== Confusion Matrix ===

  a  b  c  d  e  f   <-- classified as
 16  0  0  0  0  0 |  a = WOOD
  3  3  3  2  0  0 |  b = SUSPEN
  1  0 38  3  2  0 |  c = SIMPLE-T
  0  3  3  4  2  1 |  d = ARCH
  0  0  2  2  4  3 |  e = CANTILEV
  0  0  0  1  1  8 |  f = CONT-T

